{
  "frames": [
    {
      "file_path": [
        "r_99.png"
      ],
      "sharpness": 921.08116875,
      "transform_matrix": [
        [
          -0.06191735010661918,
          -0.4697008602535995,
          0.8806516585183273,
          3.694860512264435
        ],
        [
          0.9980780276925699,
          -0.026885894790522134,
          0.05583367531009506,
          -0.14403199298740513
        ],
        [
          -0.0025480174862492285,
          0.8824161436400771,
          0.4704628115680905,
          1.7863061253725177
        ],
        [
          0.0,
          0.0,
          0.0,
          1.0
        ]
      ],
      "w": 800.0,
      "h": 800.0,
      "fl_x": 1102.722043956004,
      "fl_y": 1102.722043956004,
      "k1": 0.03645676814523288,
      "k2": 0,
      "k3": 0,
      "k4": 0,
      "p1": 0,
      "p2": 0,
      "cx": 400.0,
      "cy": 400.0,
      "is_fisheye": false,
      "camera_angle_x": 0.6959559592212023,
      "camera_angle_y": 0.6959559592212023,
      "fovx": 39.87533919035372,
      "fovy": 39.87533919035372
    },
    {
      "file_path": [
        "r_97.png"
      ],
      "sharpness": 701.499446875,
      "transform_matrix": [
        [
          -0.3827398709905858,
          -0.008741557338224556,
          0.9238147954799653,
          3.5327881885901715
        ],
        [
          0.9105608873386689,
          -0.17260325517494304,
          0.3756154772530542,
          1.6823865033409997
        ],
        [
          0.1561699766470841,
          0.9849526392147298,
          0.07402186782482853,
          0.34511095036086986
        ],
        [
          0.0,
          0.0,
          0.0,
          1.0
        ]
      ],
      "w": 800.0,
      "h": 800.0,
      "fl_x": 1097.9424629169898,
      "fl_y": 1097.9424629169898,
      "k1": -0.013808068727695048,
      "k2": 0,
      "k3": 0,
      "k4": 0,
      "p1": 0,
      "p2": 0,
      "cx": 400.0,
      "cy": 400.0,
      "is_fisheye": false,
      "camera_angle_x": 0.6987454767074252,
      "camera_angle_y": 0.6987454767074252,
      "fovx": 40.03516676919223,
      "fovy": 40.03516676919223
    },
    {
      "file_path": [
        "r_96.png"
      ],
      "sharpness": 631.1189,
      "transform_matrix": [
        [
          0.012639194469968577,
          -0.05198231512896647,
          0.9985680195636453,
          3.815690565262952
        ],
        [
          0.9989660343640083,
          0.04427137662016345,
          -0.010339603435957266,
          0.17165330969206177
        ],
        [
          -0.04367050435083641,
          0.9976662188047857,
          0.05248812173999937,
          0.2602749168788152
        ],
        [
          0.0,
          0.0,
          0.0,
          1.0
        ]
      ],
      "w": 800.0,
      "h": 800.0,
      "fl_x": 1093.847169040236,
      "fl_y": 1093.847169040236,
      "k1": 0.014256784668974119,
      "k2": 0,
      "k3": 0,
      "k4": 0,
      "p1": 0,
      "p2": 0,
      "cx": 400.0,
      "cy": 400.0,
      "is_fisheye": false,
      "camera_angle_x": 0.7011527350790263,
      "camera_angle_y": 0.7011527350790263,
      "fovx": 40.17309251408251,
      "fovy": 40.17309251408251
    },
    {
      "file_path": [
        "r_94.png"
      ],
      "sharpness": 669.630428125,
      "transform_matrix": [
        [
          -0.026498649719461913,
          -0.11754211648337784,
          0.9927142954717288,
          3.7979719630601676
        ],
        [
          0.999350450929839,
          0.021147528370461546,
          0.02917975788382067,
          0.3261409839079167
        ],
        [
          -0.02442330422738794,
          0.992842703007232,
          0.11690538616419012,
          0.512389613319519
        ],
        [
          0.0,
          0.0,
          0.0,
          1.0
        ]
      ],
      "w": 800.0,
      "h": 800.0,
      "fl_x": 1095.8549592190466,
      "fl_y": 1095.8549592190466,
      "k1": 0.007479948803115649,
      "k2": 0,
      "k3": 0,
      "k4": 0,
      "p1": 0,
      "p2": 0,
      "cx": 400.0,
      "cy": 400.0,
      "is_fisheye": false,
      "camera_angle_x": 0.6999705502672197,
      "camera_angle_y": 0.6999705502672197,
      "fovx": 40.10535831376152,
      "fovy": 40.10535831376152
    },
    {
      "file_path": [
        "r_93.png"
      ],
      "sharpness": 754.57716875,
      "transform_matrix": [
        [
          -0.7657973238728606,
          -0.16193467483909013,
          0.622359719014816,
          2.3696418313708256
        ],
        [
          0.5328245271277742,
          -0.7016487543606218,
          0.47306135838309815,
          2.076977214026005
        ],
        [
          0.36007288436226687,
          0.6938776452648808,
          0.6236035049348183,
          2.513579838466142
        ],
        [
          0.0,
          0.0,
          0.0,
          1.0
        ]
      ],
      "w": 800.0,
      "h": 800.0,
      "fl_x": 1107.1025033047151,
      "fl_y": 1107.1025033047151,
      "k1": -0.026151269983417297,
      "k2": 0,
      "k3": 0,
      "k4": 0,
      "p1": 0,
      "p2": 0,
      "cx": 400.0,
      "cy": 400.0,
      "is_fisheye": false,
      "camera_angle_x": 0.6934180835242851,
      "camera_angle_y": 0.6934180835242851,
      "fovx": 39.729929623991545,
      "fovy": 39.729929623991545
    },
    {
      "file_path": [
        "r_98.png"
      ],
      "sharpness": 429.46556875,
      "transform_matrix": [
        [
          0.8126510085531417,
          0.270539604006798,
          0.5161459686752229,
          2.3319280764398367
        ],
        [
          0.40954159001446766,
          0.3649686139073643,
          -0.836106211501248,
          -3.786189620426213
        ],
        [
          -0.41457692212844155,
          0.8908457967248441,
          0.18579489259523344,
          0.6861719390479213
        ],
        [
          0.0,
          0.0,
          0.0,
          1.0
        ]
      ],
      "w": 800.0,
      "h": 800.0,
      "fl_x": 1156.6910577138967,
      "fl_y": 1156.6910577138967,
      "k1": -0.042453849724828,
      "k2": 0,
      "k3": 0,
      "k4": 0,
      "p1": 0,
      "p2": 0,
      "cx": 400.0,
      "cy": 400.0,
      "is_fisheye": false,
      "camera_angle_x": 0.6658816337031583,
      "camera_angle_y": 0.6658816337031583,
      "fovx": 38.15220726646721,
      "fovy": 38.15220726646721
    },
    {
      "file_path": [
        "r_92.png"
      ],
      "sharpness": 762.33545625,
      "transform_matrix": [
        [
          -0.8946802931429597,
          0.2689032774356473,
          0.3567046403738994,
          1.3134549086320302
        ],
        [
          0.04914711850157537,
          -0.7344188821749822,
          0.6769146668878229,
          2.8633313830022193
        ],
        [
          0.44399519572042323,
          0.6231532178344842,
          0.643854279552446,
          2.5780046798573997
        ],
        [
          0.0,
          0.0,
          0.0,
          1.0
        ]
      ],
      "w": 800.0,
      "h": 800.0,
      "fl_x": 1098.524061622494,
      "fl_y": 1098.524061622494,
      "k1": -0.007790307411199063,
      "k2": 0,
      "k3": 0,
      "k4": 0,
      "p1": 0,
      "p2": 0,
      "cx": 400.0,
      "cy": 400.0,
      "is_fisheye": false,
      "camera_angle_x": 0.6984048915103471,
      "camera_angle_y": 0.6984048915103471,
      "fovx": 40.015652674835025,
      "fovy": 40.015652674835025
    },
    {
      "file_path": [
        "r_9.png"
      ],
      "sharpness": 649.97530625,
      "transform_matrix": [
        [
          -0.25614617169532067,
          0.0076278913268117005,
          0.9666079629394821,
          3.697799925576131
        ],
        [
          0.9622552220475235,
          -0.09310405236017623,
          0.25572743903694634,
          1.2128411689030232
        ],
        [
          0.0919457795075385,
          0.9956271645179982,
          0.016508268318944336,
          0.12002671762031711
        ],
        [
          0.0,
          0.0,
          0.0,
          1.0
        ]
      ],
      "w": 800.0,
      "h": 800.0,
      "fl_x": 1096.7984893298512,
      "fl_y": 1096.7984893298512,
      "k1": -0.010511173031072872,
      "k2": 0,
      "k3": 0,
      "k4": 0,
      "p1": 0,
      "p2": 0,
      "cx": 400.0,
      "cy": 400.0,
      "is_fisheye": false,
      "camera_angle_x": 0.6994163199282861,
      "camera_angle_y": 0.6994163199282861,
      "fovx": 40.073603254462526,
      "fovy": 40.073603254462526
    },
    {
      "file_path": [
        "r_95.png"
      ],
      "sharpness": 712.98271875,
      "transform_matrix": [
        [
          -0.04856636937180607,
          0.3265707258399316,
          0.9439241859432881,
          3.906464947607295
        ],
        [
          0.9987509171281074,
          0.026989317817559935,
          0.042049759327698305,
          -0.20039255075431012
        ],
        [
          -0.011743649425064078,
          0.9447873505537658,
          -0.3274735851180441,
          -1.3525130974067916
        ],
        [
          0.0,
          0.0,
          0.0,
          1.0
        ]
      ],
      "w": 800.0,
      "h": 800.0,
      "fl_x": 1094.303465620081,
      "fl_y": 1094.303465620081,
      "k1": 0.028152250077233588,
      "k2": 0,
      "k3": 0,
      "k4": 0,
      "p1": 0,
      "p2": 0,
      "cx": 400.0,
      "cy": 400.0,
      "is_fisheye": false,
      "camera_angle_x": 0.700883732086781,
      "camera_angle_y": 0.700883732086781,
      "fovx": 40.15767977795046,
      "fovy": 40.15767977795046
    },
    {
      "file_path": [
        "r_91.png"
      ],
      "sharpness": 492.1771875,
      "transform_matrix": [
        [
          0.6959569928067317,
          -0.4100068991823995,
          0.5895237118255058,
          2.5844070631981375
        ],
        [
          0.628486351121983,
          0.7449038555630334,
          -0.22388200557595822,
          -1.2506060288801306
        ],
        [
          -0.3473453189957145,
          0.5263198538892834,
          0.776104787249774,
          3.0422811425268463
        ],
        [
          0.0,
          0.0,
          0.0,
          1.0
        ]
      ],
      "w": 800.0,
      "h": 800.0,
      "fl_x": 1166.6666129768175,
      "fl_y": 1166.6666129768175,
      "k1": -0.4642731652277808,
      "k2": 0,
      "k3": 0,
      "k4": 0,
      "p1": 0,
      "p2": 0,
      "cx": 400.0,
      "cy": 400.0,
      "is_fisheye": false,
      "camera_angle_x": 0.6605947378956827,
      "camera_angle_y": 0.6605947378956827,
      "fovx": 37.84929044997344,
      "fovy": 37.84929044997344
    },
    {
      "file_path": [
        "r_90.png"
      ],
      "sharpness": 692.396921875,
      "transform_matrix": [
        [
          -0.5136656273888315,
          0.003242506447924856,
          0.8579843293495814,
          3.2886619393736813
        ],
        [
          0.827968011184921,
          -0.2603437268194259,
          0.49667908790311344,
          2.163975030481215
        ],
        [
          0.22498132300061108,
          0.965510554098067,
          0.1310449321585044,
          0.5704964839991575
        ],
        [
          0.0,
          0.0,
          0.0,
          1.0
        ]
      ],
      "w": 800.0,
      "h": 800.0,
      "fl_x": 1102.725914246331,
      "fl_y": 1102.725914246331,
      "k1": -0.014752394648945066,
      "k2": 0,
      "k3": 0,
      "k4": 0,
      "p1": 0,
      "p2": 0,
      "cx": 400.0,
      "cy": 400.0,
      "is_fisheye": false,
      "camera_angle_x": 0.6959537090526922,
      "camera_angle_y": 0.6959537090526922,
      "fovx": 39.875210265194895,
      "fovy": 39.875210265194895
    },
    {
      "file_path": [
        "r_87.png"
      ],
      "sharpness": 759.703146875,
      "transform_matrix": [
        [
          -0.7475630241523428,
          -0.15511402293692494,
          0.6458244071160554,
          2.4608182392964117
        ],
        [
          0.5640325844638611,
          -0.661722638591401,
          0.4939538371534954,
          2.1587333999762683
        ],
        [
          0.350737463917554,
          0.7335276337496305,
          0.5821687400991559,
          2.3494872233785395
        ],
        [
          0.0,
          0.0,
          0.0,
          1.0
        ]
      ],
      "w": 800.0,
      "h": 800.0,
      "fl_x": 1105.648968458073,
      "fl_y": 1105.648968458073,
      "k1": -0.017348485388089706,
      "k2": 0,
      "k3": 0,
      "k4": 0,
      "p1": 0,
      "p2": 0,
      "cx": 400.0,
      "cy": 400.0,
      "is_fisheye": false,
      "camera_angle_x": 0.6942582365130631,
      "camera_angle_y": 0.6942582365130631,
      "fovx": 39.77806684439382,
      "fovy": 39.77806684439382
    },
    {
      "file_path": [
        "r_88.png"
      ],
      "sharpness": 466.086096875,
      "transform_matrix": [
        [
          0.7414059561547535,
          -0.4910014861204764,
          0.457421849963485,
          1.6861866528942822
        ],
        [
          0.5462327312006899,
          0.8375222043403501,
          0.013651395603594395,
          0.26363349484204407
        ],
        [
          -0.38980381162384214,
          0.23973756040609695,
          0.8891450334969799,
          3.4978855552820094
        ],
        [
          0.0,
          0.0,
          0.0,
          1.0
        ]
      ],
      "w": 800.0,
      "h": 800.0,
      "fl_x": 1085.7219713413026,
      "fl_y": 1085.7219713413026,
      "k1": 0.019237054022000887,
      "k2": 0,
      "k3": 0,
      "k4": 0,
      "p1": 0,
      "p2": 0,
      "cx": 400.0,
      "cy": 400.0,
      "is_fisheye": false,
      "camera_angle_x": 0.7059761830516676,
      "camera_angle_y": 0.7059761830516676,
      "fovx": 40.4494557256158,
      "fovy": 40.4494557256158
    },
    {
      "file_path": [
        "r_89.png"
      ],
      "sharpness": 420.732528125,
      "transform_matrix": [
        [
          0.8156497922651891,
          0.3566235613800271,
          0.4555601517523869,
          2.095608467231908
        ],
        [
          0.4014417859895938,
          0.21814763614471402,
          -0.8895257732668398,
          -4.027220609396149
        ],
        [
          -0.4166052194282531,
          0.908422393124798,
          0.03476847469821036,
          0.06959986000954316
        ],
        [
          0.0,
          0.0,
          0.0,
          1.0
        ]
      ],
      "w": 800.0,
      "h": 800.0,
      "fl_x": 1164.0376549710772,
      "fl_y": 1164.0376549710772,
      "k1": -0.021999644859990383,
      "k2": 0,
      "k3": 0,
      "k4": 0,
      "p1": 0,
      "p2": 0,
      "cx": 400.0,
      "cy": 400.0,
      "is_fisheye": false,
      "camera_angle_x": 0.6619801827514576,
      "camera_angle_y": 0.6619801827514576,
      "fovx": 37.92867059295746,
      "fovy": 37.92867059295746
    },
    {
      "file_path": [
        "r_86.png"
      ],
      "sharpness": 880.64378125,
      "transform_matrix": [
        [
          0.344369569288147,
          -0.5150875530617596,
          0.7849168188078418,
          3.3375872776395776
        ],
        [
          0.916751792743965,
          0.36475709624559405,
          -0.16284474581397868,
          -1.0123734374862052
        ],
        [
          -0.20242467797239105,
          0.7756526757737768,
          0.5978186818183606,
          2.3041995389951984
        ],
        [
          0.0,
          0.0,
          0.0,
          1.0
        ]
      ],
      "w": 800.0,
      "h": 800.0,
      "fl_x": 1110.107101762561,
      "fl_y": 1110.107101762561,
      "k1": 0.037708808745357494,
      "k2": 0,
      "k3": 0,
      "k4": 0,
      "p1": 0,
      "p2": 0,
      "cx": 400.0,
      "cy": 400.0,
      "is_fisheye": false,
      "camera_angle_x": 0.6916875766146445,
      "camera_angle_y": 0.6916875766146445,
      "fovx": 39.63077888165091,
      "fovy": 39.63077888165091
    },
    {
      "file_path": [
        "r_83.png"
      ],
      "sharpness": 703.514684375,
      "transform_matrix": [
        [
          -0.4108819748114806,
          0.009566569864318544,
          0.9116383512853804,
          3.496354451637181
        ],
        [
          0.8953977745196692,
          -0.18395265663555277,
          0.4054925961123788,
          1.8043290726578807
        ],
        [
          0.17157746985997405,
          0.9828885495697983,
          0.06701694546393648,
          0.31851720705395964
        ],
        [
          0.0,
          0.0,
          0.0,
          1.0
        ]
      ],
      "w": 800.0,
      "h": 800.0,
      "fl_x": 1101.9760335029089,
      "fl_y": 1101.9760335029089,
      "k1": -0.016650969055432282,
      "k2": 0,
      "k3": 0,
      "k4": 0,
      "p1": 0,
      "p2": 0,
      "cx": 400.0,
      "cy": 400.0,
      "is_fisheye": false,
      "camera_angle_x": 0.6963899469729342,
      "camera_angle_y": 0.6963899469729342,
      "fovx": 39.90020485688833,
      "fovy": 39.90020485688833
    },
    {
      "file_path": [
        "r_80.png"
      ],
      "sharpness": 899.708009375,
      "transform_matrix": [
        [
          -0.10989460820283861,
          -0.3478296772724171,
          0.9310948881369656,
          3.8906737196424244
        ],
        [
          0.9937361594516221,
          -0.057570902608637425,
          0.09578119111379649,
          0.013049775045531517
        ],
        [
          0.020288432330453857,
          0.9357884946929177,
          0.35197765942204895,
          1.3169324206226638
        ],
        [
          0.0,
          0.0,
          0.0,
          1.0
        ]
      ],
      "w": 800.0,
      "h": 800.0,
      "fl_x": 1101.1895777458838,
      "fl_y": 1101.1895777458838,
      "k1": 0.04455713983724892,
      "k2": 0,
      "k3": 0,
      "k4": 0,
      "p1": 0,
      "p2": 0,
      "cx": 400.0,
      "cy": 400.0,
      "is_fisheye": false,
      "camera_angle_x": 0.6968480261023846,
      "camera_angle_y": 0.6968480261023846,
      "fovx": 39.92645085768886,
      "fovy": 39.92645085768886
    },
    {
      "file_path": [
        "r_85.png"
      ],
      "sharpness": 579.192625,
      "transform_matrix": [
        [
          -0.33565154387618346,
          0.3014994105209287,
          0.892432712627313,
          3.447487442284343
        ],
        [
          0.9327211699172451,
          -0.026174601117294537,
          0.3596472013578956,
          1.635052088274524
        ],
        [
          0.13179248948195238,
          0.9531070221806944,
          -0.27242933763507715,
          -1.0215834015929723
        ],
        [
          0.0,
          0.0,
          0.0,
          1.0
        ]
      ],
      "w": 800.0,
      "h": 800.0,
      "fl_x": 1110.696328614684,
      "fl_y": 1110.696328614684,
      "k1": -0.02186820355478447,
      "k2": 0,
      "k3": 0,
      "k4": 0,
      "p1": 0,
      "p2": 0,
      "cx": 400.0,
      "cy": 400.0,
      "is_fisheye": false,
      "camera_angle_x": 0.6913491816224044,
      "camera_angle_y": 0.6913491816224044,
      "fovx": 39.61139027678719,
      "fovy": 39.61139027678719
    },
    {
      "file_path": [
        "r_82.png"
      ],
      "sharpness": 581.199425,
      "transform_matrix": [
        [
          0.5844040159839469,
          -0.5017265191214388,
          0.637763628729639,
          2.3843584245233536
        ],
        [
          0.7463206656364395,
          0.6408660850849411,
          -0.17971122678311735,
          -0.48538332102913
        ],
        [
          -0.3185551916925924,
          0.5810001385616709,
          0.7489735835497159,
          2.955010462784977
        ],
        [
          0.0,
          0.0,
          0.0,
          1.0
        ]
      ],
      "w": 800.0,
      "h": 800.0,
      "fl_x": 1084.039987888769,
      "fl_y": 1084.039987888769,
      "k1": 0.03810554975859528,
      "k2": 0,
      "k3": 0,
      "k4": 0,
      "p1": 0,
      "p2": 0,
      "cx": 400.0,
      "cy": 400.0,
      "is_fisheye": false,
      "camera_angle_x": 0.7069826309460567,
      "camera_angle_y": 0.7069826309460567,
      "fovx": 40.507120942264116,
      "fovy": 40.507120942264116
    },
    {
      "file_path": [
        "r_8.png"
      ],
      "sharpness": 714.61274375,
      "transform_matrix": [
        [
          -0.5670921250205706,
          0.19049742322809649,
          0.8013221908205131,
          3.064412131534895
        ],
        [
          0.7835797058448011,
          -0.17499502924914231,
          0.5961372193767785,
          2.552973720827871
        ],
        [
          0.25379000440226124,
          0.9659645291102807,
          -0.05003161185233139,
          -0.14057947442571983
        ],
        [
          0.0,
          0.0,
          0.0,
          1.0
        ]
      ],
      "w": 800.0,
      "h": 800.0,
      "fl_x": 1102.5399076010503,
      "fl_y": 1102.5399076010503,
      "k1": -0.02890627622719149,
      "k2": 0,
      "k3": 0,
      "k4": 0,
      "p1": 0,
      "p2": 0,
      "cx": 400.0,
      "cy": 400.0,
      "is_fisheye": false,
      "camera_angle_x": 0.6960618682246688,
      "camera_angle_y": 0.6960618682246688,
      "fovx": 39.88140732926478,
      "fovy": 39.88140732926478
    },
    {
      "file_path": [
        "r_79.png"
      ],
      "sharpness": 483.054578125,
      "transform_matrix": [
        [
          0.7880676933945332,
          -0.15270582479989056,
          0.5963474169628663,
          2.235537563031239
        ],
        [
          0.4578749196763424,
          0.7929169253240403,
          -0.4020364504196894,
          -1.3532436466767332
        ],
        [
          -0.4114606525221704,
          0.5898844637838371,
          0.6947923796579611,
          2.758210097908078
        ],
        [
          0.0,
          0.0,
          0.0,
          1.0
        ]
      ],
      "w": 800.0,
      "h": 800.0,
      "fl_x": 1089.1987216409539,
      "fl_y": 1089.1987216409539,
      "k1": 0.04031599830659483,
      "k2": 0,
      "k3": 0,
      "k4": 0,
      "p1": 0,
      "p2": 0,
      "cx": 400.0,
      "cy": 400.0,
      "is_fisheye": false,
      "camera_angle_x": 0.7039044806490055,
      "camera_angle_y": 0.7039044806490055,
      "fovx": 40.33075592153614,
      "fovy": 40.33075592153614
    },
    {
      "file_path": [
        "r_81.png"
      ],
      "sharpness": 440.7517,
      "transform_matrix": [
        [
          0.4884262272864613,
          0.18693559368231086,
          0.8523467043003297,
          3.234844809350193
        ],
        [
          0.8280040334211355,
          0.20900162311517423,
          -0.5203149451760578,
          -1.8158490661628786
        ],
        [
          -0.2754072278339037,
          0.9598819747069888,
          -0.052701551284036405,
          -0.15077618318444264
        ],
        [
          0.0,
          0.0,
          0.0,
          1.0
        ]
      ],
      "w": 800.0,
      "h": 800.0,
      "fl_x": 1090.1281904333403,
      "fl_y": 1090.1281904333403,
      "k1": 0.0028795334126514387,
      "k2": 0,
      "k3": 0,
      "k4": 0,
      "p1": 0,
      "p2": 0,
      "cx": 400.0,
      "cy": 400.0,
      "is_fisheye": false,
      "camera_angle_x": 0.7033526076706842,
      "camera_angle_y": 0.7033526076706842,
      "fovx": 40.29913592905102,
      "fovy": 40.29913592905102
    },
    {
      "file_path": [
        "r_84.png"
      ],
      "sharpness": 614.1262625,
      "transform_matrix": [
        [
          0.6352648890414281,
          -0.17961970528629276,
          0.7511160244877783,
          3.1518325637600233
        ],
        [
          0.6964385583374114,
          0.553583463482997,
          -0.45663846029335686,
          -2.1490949319217503
        ],
        [
          -0.3337841446532445,
          0.8131925420487043,
          0.47676622610327224,
          1.7921061048666072
        ],
        [
          0.0,
          0.0,
          0.0,
          1.0
        ]
      ],
      "w": 800.0,
      "h": 800.0,
      "fl_x": 1098.0638820880124,
      "fl_y": 1098.0638820880124,
      "k1": -0.028084488112661045,
      "k2": 0,
      "k3": 0,
      "k4": 0,
      "p1": 0,
      "p2": 0,
      "cx": 400.0,
      "cy": 400.0,
      "is_fisheye": false,
      "camera_angle_x": 0.6986743471255759,
      "camera_angle_y": 0.6986743471255759,
      "fovx": 40.03109134435373,
      "fovy": 40.03109134435373
    },
    {
      "file_path": [
        "r_74.png"
      ],
      "sharpness": 754.39591875,
      "transform_matrix": [
        [
          -0.873093314401737,
          0.317832583601544,
          0.36971680130396367,
          1.6818374097816364
        ],
        [
          0.24790301014644767,
          -0.3635699416368869,
          0.8979760548580853,
          3.1927604539972974
        ],
        [
          0.4198239654001256,
          0.8756707979344107,
          0.23863883116315066,
          0.8711719400351611
        ],
        [
          0.0,
          0.0,
          0.0,
          1.0
        ]
      ],
      "w": 800.0,
      "h": 800.0,
      "fl_x": 1112.3132522705164,
      "fl_y": 1112.3132522705164,
      "k1": -0.0065487446176757886,
      "k2": 0,
      "k3": 0,
      "k4": 0,
      "p1": 0,
      "p2": 0,
      "cx": 400.0,
      "cy": 400.0,
      "is_fisheye": false,
      "camera_angle_x": 0.6904222075135513,
      "camera_angle_y": 0.6904222075135513,
      "fovx": 39.558278572632005,
      "fovy": 39.558278572632005
    },
    {
      "file_path": [
        "r_77.png"
      ],
      "sharpness": 796.9912125,
      "transform_matrix": [
        [
          -0.6638762625650834,
          -0.3545882068448276,
          0.6584341361043364,
          2.8060278784577206
        ],
        [
          0.6828771735907679,
          -0.6463613280916914,
          0.3404347211085254,
          0.9742894411450519
        ],
        [
          0.304872225367713,
          0.6756361721555225,
          0.6712441352389303,
          2.5654922491053425
        ],
        [
          0.0,
          0.0,
          0.0,
          1.0
        ]
      ],
      "w": 800.0,
      "h": 800.0,
      "fl_x": 1098.4023089846899,
      "fl_y": 1098.4023089846899,
      "k1": 0.05192424654060989,
      "k2": 0,
      "k3": 0,
      "k4": 0,
      "p1": 0,
      "p2": 0,
      "cx": 400.0,
      "cy": 400.0,
      "is_fisheye": false,
      "camera_angle_x": 0.6984761637095402,
      "camera_angle_y": 0.6984761637095402,
      "fovx": 40.01973627104541,
      "fovy": 40.01973627104541
    },
    {
      "file_path": [
        "r_78.png"
      ],
      "sharpness": 516.499353125,
      "transform_matrix": [
        [
          0.1823286851822182,
          0.21986591160879665,
          0.9583398309005184,
          3.6673477259502913
        ],
        [
          0.9747946184949033,
          0.08703512477202317,
          -0.20542721048903154,
          -0.5926187445940958
        ],
        [
          -0.1285756676598493,
          0.9716397830402568,
          -0.19845510756237766,
          -0.7214041557690756
        ],
        [
          0.0,
          0.0,
          0.0,
          1.0
        ]
      ],
      "w": 800.0,
      "h": 800.0,
      "fl_x": 1097.5297476397368,
      "fl_y": 1097.5297476397368,
      "k1": 0.0007301806291101755,
      "k2": 0,
      "k3": 0,
      "k4": 0,
      "p1": 0,
      "p2": 0,
      "cx": 400.0,
      "cy": 400.0,
      "is_fisheye": false,
      "camera_angle_x": 0.6989873567738608,
      "camera_angle_y": 0.6989873567738608,
      "fovx": 40.049025476147335,
      "fovy": 40.049025476147335
    },
    {
      "file_path": [
        "r_76.png"
      ],
      "sharpness": 428.942484375,
      "transform_matrix": [
        [
          0.8066052975314351,
          0.2539916157073552,
          0.5337379068071422,
          2.390554388769813
        ],
        [
          0.4236781467516199,
          0.381214672809555,
          -0.8216886278876122,
          -3.705962056567189
        ],
        [
          -0.41217074371507584,
          0.8889114873826234,
          0.19987907755155807,
          0.7386128457861525
        ],
        [
          0.0,
          0.0,
          0.0,
          1.0
        ]
      ],
      "w": 800.0,
      "h": 800.0,
      "fl_x": 1149.1715765499498,
      "fl_y": 1149.1715765499498,
      "k1": -0.06862452074703089,
      "k2": 0,
      "k3": 0,
      "k4": 0,
      "p1": 0,
      "p2": 0,
      "cx": 400.0,
      "cy": 400.0,
      "is_fisheye": false,
      "camera_angle_x": 0.6699210034115625,
      "camera_angle_y": 0.6699210034115625,
      "fovx": 38.38364610265175,
      "fovy": 38.38364610265175
    },
    {
      "file_path": [
        "r_73.png"
      ],
      "sharpness": 915.429371875,
      "transform_matrix": [
        [
          0.15925679719671687,
          -0.10114437184646104,
          0.9820423048976589,
          4.085017135485618
        ],
        [
          0.9807924836531927,
          0.12968581476106608,
          -0.14569726647803305,
          -0.9390915366993887
        ],
        [
          -0.11262049794282107,
          0.9863829912926886,
          0.11985498717152676,
          0.39995375694013463
        ],
        [
          0.0,
          0.0,
          0.0,
          1.0
        ]
      ],
      "w": 800.0,
      "h": 800.0,
      "fl_x": 1101.3392078535442,
      "fl_y": 1101.3392078535442,
      "k1": 0.024642442337730722,
      "k2": 0,
      "k3": 0,
      "k4": 0,
      "p1": 0,
      "p2": 0,
      "cx": 400.0,
      "cy": 400.0,
      "is_fisheye": false,
      "camera_angle_x": 0.6967608280065307,
      "camera_angle_y": 0.6967608280065307,
      "fovx": 39.92145477481486,
      "fovy": 39.92145477481486
    },
    {
      "file_path": [
        "r_75.png"
      ],
      "sharpness": 287.417896875,
      "transform_matrix": [
        [
          0.6660040530050213,
          0.33688135100832195,
          0.6655445565414614,
          2.5057892385454847
        ],
        [
          0.6547322961373032,
          0.1635301207672953,
          -0.7379590232503557,
          -2.6620809378466666
        ],
        [
          -0.35744121444860266,
          0.9272372161224379,
          -0.11165537725209608,
          -0.38007246692866764
        ],
        [
          0.0,
          0.0,
          0.0,
          1.0
        ]
      ],
      "w": 800.0,
      "h": 800.0,
      "fl_x": 1089.7225200935854,
      "fl_y": 1089.7225200935854,
      "k1": -0.02904909954856671,
      "k2": 0,
      "k3": 0,
      "k4": 0,
      "p1": 0,
      "p2": 0,
      "cx": 400.0,
      "cy": 400.0,
      "is_fisheye": false,
      "camera_angle_x": 0.7035933727900603,
      "camera_angle_y": 0.7035933727900603,
      "fovx": 40.31293075424523,
      "fovy": 40.31293075424523
    },
    {
      "file_path": [
        "r_72.png"
      ],
      "sharpness": 794.928875,
      "transform_matrix": [
        [
          -0.17072598802201838,
          0.11289318084769558,
          0.9788297945762956,
          4.06220484154236
        ],
        [
          0.9840553747652107,
          -0.030750321954154218,
          0.175184009245785,
          0.3238323885777092
        ],
        [
          0.049876411358948484,
          0.9931311833972757,
          -0.10584326228989754,
          -0.4880384623004456
        ],
        [
          0.0,
          0.0,
          0.0,
          1.0
        ]
      ],
      "w": 800.0,
      "h": 800.0,
      "fl_x": 1100.243102299988,
      "fl_y": 1100.243102299988,
      "k1": 0.009705291040260447,
      "k2": 0,
      "k3": 0,
      "k4": 0,
      "p1": 0,
      "p2": 0,
      "cx": 400.0,
      "cy": 400.0,
      "is_fisheye": false,
      "camera_angle_x": 0.6974000773241312,
      "camera_angle_y": 0.6974000773241312,
      "fovx": 39.958081062769985,
      "fovy": 39.958081062769985
    },
    {
      "file_path": [
        "r_71.png"
      ],
      "sharpness": 614.468875,
      "transform_matrix": [
        [
          -0.8744863045005519,
          0.45669828054573375,
          0.16340252080618378,
          0.5563587202348421
        ],
        [
          -0.19499987925943,
          -0.6394671811332527,
          0.7436778679927956,
          3.124816779724044
        ],
        [
          0.4441269529622249,
          0.6184726386919772,
          0.6482614016430107,
          2.5967112625970397
        ],
        [
          0.0,
          0.0,
          0.0,
          1.0
        ]
      ],
      "w": 800.0,
      "h": 800.0,
      "fl_x": 1099.1338705621024,
      "fl_y": 1099.1338705621024,
      "k1": -0.006375130914986356,
      "k2": 0,
      "k3": 0,
      "k4": 0,
      "p1": 0,
      "p2": 0,
      "cx": 400.0,
      "cy": 400.0,
      "is_fisheye": false,
      "camera_angle_x": 0.6980481281447716,
      "camera_angle_y": 0.6980481281447716,
      "fovx": 39.99521163970267,
      "fovy": 39.99521163970267
    },
    {
      "file_path": [
        "r_7.png"
      ],
      "sharpness": 545.73013125,
      "transform_matrix": [
        [
          -0.8904265754839493,
          0.1133682398051824,
          0.4407813016606751,
          1.6262343488083377
        ],
        [
          -0.06948380999611181,
          -0.9909884713026744,
          0.11451571898051076,
          0.6564137124994819
        ],
        [
          0.44979163380236065,
          0.07134067527646938,
          0.8902797280803312,
          3.5149283787297696
        ],
        [
          0.0,
          0.0,
          0.0,
          1.0
        ]
      ],
      "w": 800.0,
      "h": 800.0,
      "fl_x": 1087.1876404453324,
      "fl_y": 1087.1876404453324,
      "k1": 0.01566969877044436,
      "k2": 0,
      "k3": 0,
      "k4": 0,
      "p1": 0,
      "p2": 0,
      "cx": 400.0,
      "cy": 400.0,
      "is_fisheye": false,
      "camera_angle_x": 0.7051014071377021,
      "camera_angle_y": 0.7051014071377021,
      "fovx": 40.39933475772587,
      "fovy": 40.39933475772587
    },
    {
      "file_path": [
        "r_66.png"
      ],
      "sharpness": 800.225221875,
      "transform_matrix": [
        [
          0.23311074337862936,
          -0.43095351854886266,
          0.8717444844621017,
          3.328051861643625
        ],
        [
          0.9605536246925721,
          0.24183395497300522,
          -0.1373064904222885,
          -0.3256730992535422
        ],
        [
          -0.15164470123629267,
          0.8693649424088797,
          0.47032805733407906,
          1.8959588809650239
        ],
        [
          0.0,
          0.0,
          0.0,
          1.0
        ]
      ],
      "w": 800.0,
      "h": 800.0,
      "fl_x": 1096.3417412824977,
      "fl_y": 1096.3417412824977,
      "k1": 0.008248304113182192,
      "k2": 0,
      "k3": 0,
      "k4": 0,
      "p1": 0,
      "p2": 0,
      "cx": 400.0,
      "cy": 400.0,
      "is_fisheye": false,
      "camera_angle_x": 0.6996845089655986,
      "camera_angle_y": 0.6996845089655986,
      "fovx": 40.088969354412214,
      "fovy": 40.088969354412214
    },
    {
      "file_path": [
        "r_68.png"
      ],
      "sharpness": 870.1819125,
      "transform_matrix": [
        [
          0.021073261016871382,
          -0.0869122450212228,
          0.9959930619004148,
          4.145501228853419
        ],
        [
          0.9987518862404925,
          0.04695205320927318,
          -0.01703450705193853,
          -0.432214976444529
        ],
        [
          -0.045283411987701354,
          0.9951089218688822,
          0.08779320152489922,
          0.27403726915595733
        ],
        [
          0.0,
          0.0,
          0.0,
          1.0
        ]
      ],
      "w": 800.0,
      "h": 800.0,
      "fl_x": 1103.451736028135,
      "fl_y": 1103.451736028135,
      "k1": 0.012872819714267018,
      "k2": 0,
      "k3": 0,
      "k4": 0,
      "p1": 0,
      "p2": 0,
      "cx": 400.0,
      "cy": 400.0,
      "is_fisheye": false,
      "camera_angle_x": 0.6955319663288654,
      "camera_angle_y": 0.6955319663288654,
      "fovx": 39.85104618707927,
      "fovy": 39.85104618707927
    },
    {
      "file_path": [
        "r_70.png"
      ],
      "sharpness": 501.339346875,
      "transform_matrix": [
        [
          0.6252236533856479,
          0.22682704417546898,
          0.7467562355253557,
          3.164612129413321
        ],
        [
          0.7054049306780792,
          0.24514107190802029,
          -0.6650637102104214,
          -2.9904192916429655
        ],
        [
          -0.3339150596060844,
          0.9425790931861607,
          -0.006736918799303937,
          -0.09902734527711063
        ],
        [
          0.0,
          0.0,
          0.0,
          1.0
        ]
      ],
      "w": 800.0,
      "h": 800.0,
      "fl_x": 1108.50637091781,
      "fl_y": 1108.50637091781,
      "k1": -0.0482140783705151,
      "k2": 0,
      "k3": 0,
      "k4": 0,
      "p1": 0,
      "p2": 0,
      "cx": 400.0,
      "cy": 400.0,
      "is_fisheye": false,
      "camera_angle_x": 0.6926084889474055,
      "camera_angle_y": 0.6926084889474055,
      "fovx": 39.68354327161966,
      "fovy": 39.68354327161966
    },
    {
      "file_path": [
        "r_67.png"
      ],
      "sharpness": 387.37749375,
      "transform_matrix": [
        [
          0.7695715451756565,
          0.16195349140740894,
          0.6176817169830917,
          2.305406729170047
        ],
        [
          0.4957374078040939,
          0.45818433535017455,
          -0.7377747199134751,
          -2.643427157435327
        ],
        [
          -0.40249727871596286,
          0.8739783644205302,
          0.27231922291558364,
          1.1084099136896846
        ],
        [
          0.0,
          0.0,
          0.0,
          1.0
        ]
      ],
      "w": 800.0,
      "h": 800.0,
      "fl_x": 1082.6133085503816,
      "fl_y": 1082.6133085503816,
      "k1": 0.015639827054452295,
      "k2": 0,
      "k3": 0,
      "k4": 0,
      "p1": 0,
      "p2": 0,
      "cx": 400.0,
      "cy": 400.0,
      "is_fisheye": false,
      "camera_angle_x": 0.707838469820911,
      "camera_angle_y": 0.707838469820911,
      "fovx": 40.55615689773649,
      "fovy": 40.55615689773649
    },
    {
      "file_path": [
        "r_69.png"
      ],
      "sharpness": 627.7182,
      "transform_matrix": [
        [
          -0.6182230807314548,
          0.34064123618252146,
          0.7083528574666936,
          2.688375957499786
        ],
        [
          0.7342576527562034,
          -0.07129472171942876,
          0.6751168506443241,
          2.8512379648975497
        ],
        [
          0.2804744584233833,
          0.9374863257056956,
          -0.2060423920100728,
          -0.7497236845917641
        ],
        [
          0.0,
          0.0,
          0.0,
          1.0
        ]
      ],
      "w": 800.0,
      "h": 800.0,
      "fl_x": 1097.1316137299464,
      "fl_y": 1097.1316137299464,
      "k1": -0.009300855920320268,
      "k2": 0,
      "k3": 0,
      "k4": 0,
      "p1": 0,
      "p2": 0,
      "cx": 400.0,
      "cy": 400.0,
      "is_fisheye": false,
      "camera_angle_x": 0.6992208433596574,
      "camera_angle_y": 0.6992208433596574,
      "fovx": 40.06240327208641,
      "fovy": 40.06240327208641
    },
    {
      "file_path": [
        "r_65.png"
      ],
      "sharpness": 454.100065625,
      "transform_matrix": [
        [
          0.6711787314256064,
          0.3198032388413356,
          0.6687637841022667,
          2.8641130033136233
        ],
        [
          0.6506868615659396,
          0.1780451747175872,
          -0.7381778403239032,
          -3.2871406900157445
        ],
        [
          -0.3551418289617694,
          0.9306050742415567,
